# Members of the Danish Stroke Center
agdamsbo      <- "0000-0002-7559-1154"
gandersen     <- "0000-0001-6807-2500"
czsimonsen    <- "0000-0003-1363-0266"
rbdalby       <- "0000-0002-3385-1480"
mrasmussen    <- "0000-0002-0416-6767"


# Empty IDs
sghastrup     <- "0000-0002-5232-8409"
lospeiser     <- "0000-0001-6177-2336"
njuul         <- "0000-0001-7958-216X"
hkirkegaard   <- "0000-0003-4853-8152"

# Missing IDs
pvwmudersbach <- ""
tsehested     <- ""


dsc_orcids<-c(agdamsbo  ,
              gandersen ,
              czsimonsen)



## Problems
#- Authors publishing outside DSC??
